   1.4709187e+03
   1.4682438e+03
   1.4655690e+03
   1.4628942e+03
   1.4602193e+03
   1.4575445e+03
   1.4548697e+03
   1.4521948e+03
   1.4495200e+03
   1.4468452e+03
   1.4441704e+03
   1.4414955e+03
   1.4388207e+03
   1.4361459e+03
   1.4334710e+03
   1.4307962e+03
   1.4281214e+03
   1.4254465e+03
   1.4227717e+03
   1.4200969e+03
   1.4174220e+03
   1.4147472e+03
   1.4120724e+03
   1.4093975e+03
   1.4067227e+03
   1.4040479e+03
   1.4011906e+03
   1.3981508e+03
   1.3951111e+03
   1.3920713e+03
   1.3890316e+03
   1.3859919e+03
   1.3829521e+03
   1.3799124e+03
   1.3768726e+03
   1.3738329e+03
   1.3700632e+03
   1.3655636e+03
   1.3610639e+03
   1.3565643e+03
   1.3520647e+03
   1.3475650e+03
   1.3430654e+03
   1.3385658e+03
   1.3340662e+03
   1.3295665e+03
   1.3250530e+03
   1.3205255e+03
   1.3159981e+03
   1.3114706e+03
   1.3069432e+03
   1.3024158e+03
   1.2978883e+03
   1.2933609e+03
   1.2888334e+03
   1.2843060e+03
   1.2797186e+03
   1.2750713e+03
   1.2704239e+03
   1.2657766e+03
   1.2611293e+03
   1.2564820e+03
   1.2518347e+03
   1.2471873e+03
   1.2425400e+03
   1.2378927e+03
   1.2332237e+03
   1.2285332e+03
   1.2238426e+03
   1.2191520e+03
   1.2144615e+03
   1.2097709e+03
   1.2050803e+03
   1.2003898e+03
   1.1956992e+03
   1.1910086e+03
   1.1864691e+03
   1.1820806e+03
   1.1776921e+03
   1.1733036e+03
   1.1689151e+03
   1.1645266e+03
   1.1601381e+03
   1.1557495e+03
   1.1513610e+03
   1.1469725e+03
   1.1423719e+03
   1.1375591e+03
   1.1327462e+03
   1.1279334e+03
   1.1231206e+03
   1.1183078e+03
   1.1134950e+03
   1.1086822e+03
   1.1038694e+03
   1.0990566e+03
   1.0940979e+03
   1.0889932e+03
   1.0838886e+03
   1.0787839e+03
   1.0736793e+03
   1.0685747e+03
   1.0634700e+03
   1.0583654e+03
   1.0532608e+03
   1.0481561e+03
   1.0430635e+03
   1.0379827e+03
   1.0329020e+03
   1.0278213e+03
   1.0227406e+03
   1.0176599e+03
   1.0125792e+03
   1.0074985e+03
   1.0024177e+03
   9.9733703e+02
   9.9236174e+02
   9.8749188e+02
   9.8262202e+02
   9.7775216e+02
   9.7288229e+02
   9.6801243e+02
   9.6314257e+02
   9.5827271e+02
   9.5340285e+02
   9.4853298e+02
   9.4364364e+02
   9.3873481e+02
   9.3382598e+02
   9.2891715e+02
   9.2400832e+02
   9.1909949e+02
   9.1419066e+02
   9.0928183e+02
   9.0437300e+02
   8.9946417e+02
   8.9454822e+02
   8.8962515e+02
   8.8470208e+02
   8.7977901e+02
   8.7485594e+02
   8.6993288e+02
   8.6500981e+02
   8.6008674e+02
   8.5516367e+02
   8.5024060e+02
   8.4531420e+02
   8.4038445e+02
   8.3545471e+02
   8.3052497e+02
   8.2559523e+02
   8.2066549e+02
   8.1573575e+02
   8.1080601e+02
   8.0587626e+02
   8.0094652e+02
   7.9600960e+02
   7.9106551e+02
   7.8612141e+02
   7.8117732e+02
   7.7623322e+02
   7.7128913e+02
   7.6634503e+02
   7.6140093e+02
   7.5645684e+02
   7.5151274e+02
   7.4655623e+02
   7.4158729e+02
   7.3661835e+02
   7.3164941e+02
   7.2668047e+02
   7.2171153e+02
   7.1674260e+02
   7.1177366e+02
   7.0680472e+02
   7.0183578e+02
   6.9689608e+02
   6.9198561e+02
   6.8707515e+02
   6.8216468e+02
   6.7725422e+02
   6.7234375e+02
   6.6743329e+02
   6.6252282e+02
   6.5761236e+02
   6.5270189e+02
   6.4798265e+02
   6.4345464e+02
   6.3892663e+02
   6.3439862e+02
   6.2987061e+02
   6.2534260e+02
   6.2081458e+02
   6.1628657e+02
   6.1175856e+02
   6.0723055e+02
   6.0234656e+02
   5.9710660e+02
   5.9186663e+02
   5.8662667e+02
   5.8138671e+02
   5.7614674e+02
   5.7090678e+02
   5.6566681e+02
   5.6042685e+02
   5.5518689e+02
   5.4997297e+02
   5.4478510e+02
   5.3959723e+02
   5.3440936e+02
   5.2922149e+02
   5.2403362e+02
   5.1884575e+02
   5.1365788e+02
   5.0847001e+02
   5.0328214e+02
   4.9819728e+02
   4.9321544e+02
   4.8823359e+02
   4.8325174e+02
   4.7826989e+02
   4.7328804e+02
   4.6830620e+02
   4.6332435e+02
   4.5834250e+02
   4.5336065e+02
   4.4837307e+02
   4.4337976e+02
   4.3838645e+02
   4.3339314e+02
   4.2839983e+02
   4.2340652e+02
   4.1841321e+02
   4.1341990e+02
   4.0842659e+02
   4.0343328e+02
   3.9844166e+02
   3.9345171e+02
   3.8846177e+02
   3.8347183e+02
   3.7848189e+02
   3.7349195e+02
   3.6850201e+02
   3.6351206e+02
   3.5852212e+02
   3.5353218e+02
   3.4852645e+02
   3.4350494e+02
   3.3848343e+02
   3.3346192e+02
   3.2844041e+02
   3.2341889e+02
   3.1839738e+02
   3.1337587e+02
   3.0835436e+02
   3.0333285e+02
   2.9832747e+02
   2.9333823e+02
   2.8834900e+02
   2.8335976e+02
   2.7837053e+02
   2.7338129e+02
   2.6839205e+02
   2.6340282e+02
   2.5841358e+02
   2.5342434e+02
   2.4845027e+02
   2.4349137e+02
   2.3853246e+02
   2.3357356e+02
   2.2861465e+02
   2.2365575e+02
   2.1869684e+02
   2.1373794e+02
   2.0877903e+02
   2.0382013e+02
   1.9895225e+02
   1.9417539e+02
   1.8939853e+02
   1.8462168e+02
   1.7984482e+02
   1.7506796e+02
   1.7029111e+02
   1.6551425e+02
   1.6073740e+02
   1.5596054e+02
   1.5115610e+02
   1.4632408e+02
   1.4149206e+02
   1.3666004e+02
   1.3182803e+02
   1.2699601e+02
   1.2216399e+02
   1.1733197e+02
   1.1249995e+02
   1.0766793e+02
   1.0258273e+02
   9.7244353e+01
   9.1905974e+01
   8.6567595e+01
   8.1229217e+01
   7.5890838e+01
   7.0552460e+01
   6.5214081e+01
   5.9875702e+01
   5.4537324e+01
   5.0000276e+01
   4.6264560e+01
   4.2528844e+01
   3.8793128e+01
   3.5057412e+01
   3.1321696e+01
   2.7585980e+01
   2.3850264e+01
   2.0114547e+01
   1.6378831e+01
   1.6420174e+01
   2.0238577e+01
   2.4056979e+01
   2.7875381e+01
   3.1693783e+01
   3.5512186e+01
   3.9330588e+01
   4.3148990e+01
   4.6967392e+01
   5.0785795e+01
   5.5159663e+01
   6.0088998e+01
   6.5018333e+01
   6.9947669e+01
   7.4877004e+01
   7.9806339e+01
   8.4735674e+01
   8.9665009e+01
   9.4594344e+01
   9.9523679e+01
   1.0447376e+02
   1.0944459e+02
   1.1441543e+02
   1.1938626e+02
   1.2435709e+02
   1.2932792e+02
   1.3429875e+02
   1.3926959e+02
   1.4424042e+02
   1.4921125e+02
   1.5419695e+02
   1.5919751e+02
   1.6419807e+02
   1.6919863e+02
   1.7419919e+02
   1.7919975e+02
   1.8420031e+02
   1.8920087e+02
   1.9420143e+02
   1.9920199e+02
   2.0420470e+02
   2.0920954e+02
   2.1421439e+02
   2.1921923e+02
   2.2422408e+02
   2.2922892e+02
   2.3423377e+02
   2.3923861e+02
   2.4424346e+02
   2.4924830e+02
   2.5426521e+02
   2.5929418e+02
   2.6432315e+02
   2.6935212e+02
   2.7438109e+02
   2.7941006e+02
   2.8443903e+02
   2.8946800e+02
   2.9449698e+02
   2.9952595e+02
   3.0448447e+02
   3.0937255e+02
   3.1426064e+02
   3.1914872e+02
   3.2403680e+02
   3.2892488e+02
   3.3381296e+02
   3.3870105e+02
   3.4358913e+02
   3.4847721e+02
   3.5325965e+02
   3.5793646e+02
   3.6261326e+02
   3.6729006e+02
   3.7196687e+02
   3.7664367e+02
   3.8132047e+02
   3.8599728e+02
   3.9067408e+02
   3.9535088e+02
   4.0033248e+02
   4.0561888e+02
   4.1090528e+02
   4.1619168e+02
   4.2147808e+02
   4.2676448e+02
   4.3205088e+02
   4.3733728e+02
   4.4262368e+02
   4.4791008e+02
   4.5318511e+02
   4.5844875e+02
   4.6371239e+02
   4.6897604e+02
   4.7423968e+02
   4.7950333e+02
   4.8476697e+02
   4.9003062e+02
   4.9529426e+02
   5.0055790e+02
   5.0571694e+02
   5.1077138e+02
   5.1582581e+02
   5.2088025e+02
   5.2593468e+02
   5.3098912e+02
   5.3604355e+02
   5.4109799e+02
   5.4615242e+02
   5.5120686e+02
   5.5626000e+02
   5.6131186e+02
   5.6636372e+02
   5.7141558e+02
   5.7646744e+02
   5.8151930e+02
   5.8657115e+02
   5.9162301e+02
   5.9667487e+02
   6.0172673e+02
   6.0676986e+02
   6.1180428e+02
   6.1683870e+02
   6.2187312e+02
   6.2690753e+02
   6.3194195e+02
   6.3697637e+02
   6.4201079e+02
   6.4704520e+02
   6.5207962e+02
   6.5712789e+02
   6.6219002e+02
   6.6725214e+02
   6.7231427e+02
   6.7737640e+02
   6.8243852e+02
   6.8750065e+02
   6.9256277e+02
   6.9762490e+02
   7.0268703e+02
   7.0774359e+02
   7.1279458e+02
   7.1784558e+02
   7.2289658e+02
   7.2794757e+02
   7.3299857e+02
   7.3804956e+02
   7.4310056e+02
   7.4815155e+02
   7.5320255e+02
   7.5825979e+02
   7.6332329e+02
   7.6838678e+02
   7.7345027e+02
   7.7851376e+02
   7.8357726e+02
   7.8864075e+02
   7.9370424e+02
   7.9876773e+02
   8.0383122e+02
   8.0883754e+02
   8.1378668e+02
   8.1873582e+02
   8.2368496e+02
   8.2863410e+02
   8.3358324e+02
   8.3853238e+02
   8.4348152e+02
   8.4843066e+02
   8.5337980e+02
   8.5817622e+02
   8.6281991e+02
   8.6746360e+02
   8.7210729e+02
   8.7675098e+02
   8.8139467e+02
   8.8603836e+02
   8.9068205e+02
   8.9532574e+02
   8.9996943e+02
   9.0486012e+02
   9.0999783e+02
   9.1513554e+02
   9.2027325e+02
   9.2541096e+02
   9.3054866e+02
   9.3568637e+02
   9.4082408e+02
   9.4596179e+02
   9.5109949e+02
   9.5639575e+02
   9.6185055e+02
   9.6730535e+02
   9.7276016e+02
   9.7821496e+02
   9.8366976e+02
   9.8912456e+02
   9.9457936e+02
   1.0000342e+03
   1.0054890e+03
   1.0107349e+03
   1.0157720e+03
   1.0208091e+03
   1.0258462e+03
   1.0308833e+03
   1.0359204e+03
   1.0409575e+03
   1.0459946e+03
   1.0510317e+03
   1.0560688e+03
   1.0611057e+03
   1.0661424e+03
   1.0711791e+03
   1.0762158e+03
   1.0812524e+03
   1.0862891e+03
   1.0913258e+03
   1.0963625e+03
   1.1013992e+03
   1.1064359e+03
   1.1114697e+03
   1.1165008e+03
   1.1215318e+03
   1.1265629e+03
   1.1315939e+03
   1.1366250e+03
   1.1416560e+03
   1.1466871e+03
   1.1517181e+03
   1.1567492e+03
   1.1617748e+03
   1.1667952e+03
   1.1718155e+03
   1.1768358e+03
   1.1818561e+03
   1.1868765e+03
   1.1918968e+03
   1.1969171e+03
   1.2019374e+03
   1.2069578e+03
   1.2119822e+03
   1.2170107e+03
   1.2220393e+03
   1.2270678e+03
   1.2320964e+03
   1.2371249e+03
   1.2421535e+03
   1.2471820e+03
   1.2522106e+03
   1.2572391e+03
   1.2622440e+03
   1.2672250e+03
   1.2722061e+03
   1.2771872e+03
   1.2821683e+03
   1.2871494e+03
   1.2921305e+03
   1.2971115e+03
   1.3020926e+03
   1.3070737e+03
   1.3119567e+03
   1.3167415e+03
   1.3215263e+03
   1.3263111e+03
   1.3310959e+03
   1.3358808e+03
   1.3406656e+03
   1.3454504e+03
   1.3502352e+03
   1.3550200e+03
   1.3598049e+03
   1.3645897e+03
   1.3693746e+03
   1.3741594e+03
   1.3789442e+03
   1.3837291e+03
   1.3885139e+03
   1.3932988e+03
   1.3980836e+03
   1.4028684e+03
   1.4079146e+03
   1.4132221e+03
   1.4185297e+03
   1.4238372e+03
   1.4291447e+03
   1.4344523e+03
   1.4397598e+03
   1.4450673e+03
   1.4503748e+03
   1.4556824e+03
   1.4609771e+03
   1.4662589e+03
   1.4715408e+03
   1.4768226e+03
   1.4821045e+03
   1.4873864e+03
   1.4926682e+03
   1.4979501e+03
   1.5032319e+03
   1.5085138e+03
   1.5136777e+03
   1.5187235e+03
   1.5237694e+03
   1.5288153e+03
   1.5338611e+03
   1.5389070e+03
   1.5439529e+03
   1.5489987e+03
   1.5540446e+03
   1.5590905e+03
   1.5641167e+03
   1.5691234e+03
   1.5741300e+03
   1.5791367e+03
   1.5841433e+03
   1.5891500e+03
   1.5941566e+03
   1.5991633e+03
   1.6041699e+03
   1.6091766e+03
   1.6142087e+03
   1.6192664e+03
   1.6243241e+03
   1.6293818e+03
   1.6344395e+03
   1.6394972e+03
   1.6445549e+03
   1.6496126e+03
   1.6546703e+03
   1.6597280e+03
   1.6647756e+03
   1.6698131e+03
   1.6748506e+03
   1.6798881e+03
   1.6849256e+03
   1.6899631e+03
   1.6950006e+03
   1.7000381e+03
   1.7050756e+03
   1.7101131e+03
   1.7151433e+03
   1.7201661e+03
   1.7251889e+03
   1.7302118e+03
   1.7352346e+03
   1.7402575e+03
   1.7452803e+03
   1.7503031e+03
   1.7553260e+03
   1.7603488e+03
   1.7653715e+03
   1.7703940e+03
   1.7754165e+03
   1.7804390e+03
   1.7854615e+03
   1.7904840e+03
   1.7955065e+03
   1.8005291e+03
   1.8055516e+03
   1.8105741e+03
   1.8155747e+03
   1.8205535e+03
   1.8255323e+03
   1.8305111e+03
   1.8354899e+03
   1.8404688e+03
   1.8454476e+03
   1.8504264e+03
   1.8554052e+03
   1.8603840e+03
   1.8651719e+03
   1.8697691e+03
   1.8743663e+03
   1.8789634e+03
   1.8835606e+03
   1.8881577e+03
   1.8927549e+03
   1.8973521e+03
   1.9019492e+03
   1.9065464e+03
   1.9113842e+03
   1.9164627e+03
   1.9215412e+03
   1.9266197e+03
   1.9316981e+03
   1.9367766e+03
   1.9418551e+03
   1.9469336e+03
   1.9520121e+03
   1.9570906e+03
   1.9623821e+03
   1.9678867e+03
   1.9733913e+03
   1.9788959e+03
   1.9844005e+03
   1.9899051e+03
   1.9954097e+03
   2.0009142e+03
   2.0064188e+03
   2.0119234e+03
   2.0172199e+03
   2.0223084e+03
   2.0273968e+03
   2.0324853e+03
   2.0375737e+03
   2.0426621e+03
   2.0477506e+03
   2.0528390e+03
   2.0579274e+03
   2.0630159e+03
   2.0680840e+03
   2.0731318e+03
   2.0781796e+03
   2.0832274e+03
   2.0882752e+03
   2.0933231e+03
   2.0983709e+03
   2.1034187e+03
   2.1084665e+03
   2.1135143e+03
   2.1185731e+03
   2.1236429e+03
   2.1287126e+03
   2.1337824e+03
   2.1388522e+03
   2.1439220e+03
   2.1489917e+03
   2.1540615e+03
   2.1591313e+03
   2.1642011e+03
   2.1692538e+03
   2.1742894e+03
   2.1793251e+03
   2.1843607e+03
   2.1893963e+03
   2.1944320e+03
   2.1994676e+03
   2.2045033e+03
   2.2095389e+03
   2.2145746e+03
   2.2196353e+03
   2.2247212e+03
   2.2298070e+03
   2.2348929e+03
   2.2399788e+03
   2.2450646e+03
   2.2501505e+03
   2.2552364e+03
   2.2603222e+03
   2.2654081e+03
   2.2704790e+03
   2.2755349e+03
   2.2805908e+03
   2.2856468e+03
   2.2907027e+03
   2.2957586e+03
   2.3008145e+03
   2.3058705e+03
   2.3109264e+03
   2.3159823e+03
   2.3209160e+03
   2.3257273e+03
   2.3305387e+03
   2.3353501e+03
   2.3401614e+03
   2.3449728e+03
   2.3497842e+03
   2.3545956e+03
   2.3594069e+03
   2.3642183e+03
   2.3690428e+03
   2.3738806e+03
   2.3787183e+03
   2.3835561e+03
   2.3883938e+03
   2.3932315e+03
   2.3980693e+03
   2.4029070e+03
   2.4077447e+03
   2.4125825e+03
   2.4175388e+03
   2.4226137e+03
   2.4276886e+03
   2.4327635e+03
   2.4378384e+03
   2.4429133e+03
   2.4479882e+03
   2.4530631e+03
   2.4581381e+03
   2.4632130e+03
   2.4685506e+03
   2.4741509e+03
   2.4797511e+03
   2.4853514e+03
   2.4909517e+03
   2.4965520e+03
   2.5021523e+03
   2.5077526e+03
   2.5133529e+03
   2.5189532e+03
   2.5243009e+03
   2.5293961e+03
   2.5344913e+03
   2.5395865e+03
   2.5446817e+03
   2.5497769e+03
   2.5548721e+03
   2.5599673e+03
   2.5650625e+03
   2.5701577e+03
   2.5752490e+03
   2.5803364e+03
   2.5854238e+03
   2.5905111e+03
   2.5955985e+03
   2.6006859e+03
   2.6057733e+03
   2.6108607e+03
   2.6159480e+03
   2.6210354e+03
   2.6261245e+03
   2.6312153e+03
   2.6363061e+03
   2.6413970e+03
   2.6464878e+03
   2.6515786e+03
   2.6566694e+03
   2.6617602e+03
   2.6668510e+03
   2.6719419e+03
   2.6770239e+03
   2.6820971e+03
   2.6871703e+03
   2.6922436e+03
   2.6973168e+03
   2.7023900e+03
   2.7074632e+03
   2.7125365e+03
   2.7176097e+03
   2.7226829e+03
   2.7277299e+03
   2.7327507e+03
   2.7377715e+03
   2.7427922e+03
   2.7478130e+03
   2.7528338e+03
   2.7578545e+03
   2.7628753e+03
   2.7678961e+03
   2.7729169e+03
   2.7778278e+03
   2.7826289e+03
   2.7874301e+03
   2.7922312e+03
   2.7970323e+03
   2.8018335e+03
   2.8066346e+03
   2.8114357e+03
   2.8162369e+03
   2.8210380e+03
   2.8258266e+03
   2.8306028e+03
   2.8353789e+03
   2.8401551e+03
   2.8449312e+03
   2.8497074e+03
   2.8544835e+03
   2.8592597e+03
   2.8640358e+03
   2.8688120e+03
   2.8734757e+03
   2.8780271e+03
   2.8825784e+03
   2.8871297e+03
