1.460000000000000000e+03
1.440000000000000000e+03
1.440000000000000000e+03
1.440000000000000000e+03
1.420000000000000000e+03
1.400000000000000000e+03
1.400000000000000000e+03
1.380000000000000000e+03
1.360000000000000000e+03
1.340000000000000000e+03
1.320000000000000000e+03
1.280000000000000000e+03
1.280000000000000000e+03
1.260000000000000000e+03
1.220000000000000000e+03
1.200000000000000000e+03
1.200000000000000000e+03
1.160000000000000000e+03
1.140000000000000000e+03
1.120000000000000000e+03
1.080000000000000000e+03
1.080000000000000000e+03
1.040000000000000000e+03
1.020000000000000000e+03
1.000000000000000000e+03
9.800000000000000000e+02
9.600000000000000000e+02
9.400000000000000000e+02
9.000000000000000000e+02
8.800000000000000000e+02
8.600000000000000000e+02
8.400000000000000000e+02
8.200000000000000000e+02
7.800000000000000000e+02
7.400000000000000000e+02
7.400000000000000000e+02
7.200000000000000000e+02
7.000000000000000000e+02
6.800000000000000000e+02
6.400000000000000000e+02
6.200000000000000000e+02
6.000000000000000000e+02
5.800000000000000000e+02
5.400000000000000000e+02
5.200000000000000000e+02
5.000000000000000000e+02
4.800000000000000000e+02
4.400000000000000000e+02
4.400000000000000000e+02
4.000000000000000000e+02
3.600000000000000000e+02
3.400000000000000000e+02
3.200000000000000000e+02
3.000000000000000000e+02
3.000000000000000000e+02
2.600000000000000000e+02
2.400000000000000000e+02
2.200000000000000000e+02
2.000000000000000000e+02
1.600000000000000000e+02
1.400000000000000000e+02
1.200000000000000000e+02
1.000000000000000000e+02
6.000000000000000000e+01
4.000000000000000000e+01
4.000000000000000000e+01
4.000000000000000000e+01
6.000000000000000000e+01
6.000000000000000000e+01
6.000000000000000000e+01
1.200000000000000000e+02
1.400000000000000000e+02
1.600000000000000000e+02
1.800000000000000000e+02
2.000000000000000000e+02
2.200000000000000000e+02
2.400000000000000000e+02
2.600000000000000000e+02
3.000000000000000000e+02
3.200000000000000000e+02
3.200000000000000000e+02
3.600000000000000000e+02
3.800000000000000000e+02
4.200000000000000000e+02
4.400000000000000000e+02
4.600000000000000000e+02
4.600000000000000000e+02
5.000000000000000000e+02
5.200000000000000000e+02
5.600000000000000000e+02
6.000000000000000000e+02
6.000000000000000000e+02
6.400000000000000000e+02
6.600000000000000000e+02
6.600000000000000000e+02
7.000000000000000000e+02
7.400000000000000000e+02
7.400000000000000000e+02
7.800000000000000000e+02
8.000000000000000000e+02
8.200000000000000000e+02
8.600000000000000000e+02
8.600000000000000000e+02
9.000000000000000000e+02
9.000000000000000000e+02
9.400000000000000000e+02
9.600000000000000000e+02
9.800000000000000000e+02
1.000000000000000000e+03
1.040000000000000000e+03
1.060000000000000000e+03
1.080000000000000000e+03
1.100000000000000000e+03
1.120000000000000000e+03
1.160000000000000000e+03
1.180000000000000000e+03
1.200000000000000000e+03
1.220000000000000000e+03
1.240000000000000000e+03
1.280000000000000000e+03
1.280000000000000000e+03
1.320000000000000000e+03
1.340000000000000000e+03
1.360000000000000000e+03
1.380000000000000000e+03
1.420000000000000000e+03
1.420000000000000000e+03
1.480000000000000000e+03
1.480000000000000000e+03
1.440000000000000000e+03
1.520000000000000000e+03
1.540000000000000000e+03
1.560000000000000000e+03
1.600000000000000000e+03
1.620000000000000000e+03
1.620000000000000000e+03
1.680000000000000000e+03
1.680000000000000000e+03
1.680000000000000000e+03
1.780000000000000000e+03
1.760000000000000000e+03
1.780000000000000000e+03
1.800000000000000000e+03
1.840000000000000000e+03
1.840000000000000000e+03
1.860000000000000000e+03
1.900000000000000000e+03
1.940000000000000000e+03
1.940000000000000000e+03
1.980000000000000000e+03
2.020000000000000000e+03
2.000000000000000000e+03
2.020000000000000000e+03
2.100000000000000000e+03
2.080000000000000000e+03
2.100000000000000000e+03
2.080000000000000000e+03
2.180000000000000000e+03
2.180000000000000000e+03
2.220000000000000000e+03
2.260000000000000000e+03
2.260000000000000000e+03
2.280000000000000000e+03
2.260000000000000000e+03
2.320000000000000000e+03
2.340000000000000000e+03
2.360000000000000000e+03
2.420000000000000000e+03
2.400000000000000000e+03
2.420000000000000000e+03
2.460000000000000000e+03
2.500000000000000000e+03
2.500000000000000000e+03
2.600000000000000000e+03
2.600000000000000000e+03
2.600000000000000000e+03
2.680000000000000000e+03
2.620000000000000000e+03
2.600000000000000000e+03
2.720000000000000000e+03
2.660000000000000000e+03
2.720000000000000000e+03
2.720000000000000000e+03
2.720000000000000000e+03
2.840000000000000000e+03
2.760000000000000000e+03
2.820000000000000000e+03
2.840000000000000000e+03
2.860000000000000000e+03
